6.33787076526650
-5.88336302712310
-9.61250178323325
4.76602006622995
-3.42147062039539
-2.84014270544761
-6.25216765390989
1.48576035415682
-4.38267769543604
-6.82884434827882
-7.61198220324992
4.41299292691669
6.09525638976692
-6.89911219836164
6.60858126325452
9.27838599581295
-7.83440944903983
-6.91128649284315
2.70137021641621
0.846572457785633
-8.55560856340569
-5.40783973597722
5.94038666589385
-2.32924137317161
-8.43959851568862
0.320207843498426
5.57881625911350
-6.34641943336698
5.92897039639483
-8.98199062911669
-0.572871973364870
-8.47466445298448
-4.84849011989221
5.60106987918065
-5.45240783127507
3.26250282259139
2.02736946607113
7.05192319295644
5.93577740750722
4.88005286606522
-0.467845327672288
4.36951334999347
2.78949131968901
8.94884996444352
-5.53235328901988
-2.16374610612889
-5.14737864870707
-4.84945086218154
-3.66300556366329
1.33476919669177
-1.95120615910583
1.65526136012436
9.64577478152911
-9.58298715049084
8.57388152822762
2.90832692573656
0.315004490948267
-0.213819695864766
9.31011960235813
-9.85705321590345
-8.02211084649657
9.06890090838421
-5.61785840721408
1.53044423285453
1.37103836876569
-5.57336212305243
-9.77393025832025
-4.33528556796276
-2.59571969657351
-8.00070508996069
-0.833867013360989
1.72672072066821
1.48820550138926
5.86212734976950
5.62169120133089
8.73090876927890
-7.15083583622673
-3.57434886191867
-2.31156312051426
-4.17661536015245
4.35497736909256
6.39253505694436
1.63588993298321
-3.79939207897425
-9.41109583432712
4.02446548962755
3.01128871524790
2.25742669166029
8.28284622497215
-1.95789933885033
-4.25221976705518
-0.548896382202317
-8.17856404019329
-1.78007269162322
2.95908734847338
8.09168982679436
0.297785308229786
-7.52120884904883
-7.47032645078488
-6.70648292987650
4.92119724579636
6.61044510955492
-2.19043440098083
-6.36627409411176
-0.948453318554530
-0.765634477435170
9.02625526271751
3.03850184847001
-4.90888837246260
1.31411221624028
0.206202508310110
-4.40431122611951
8.57418121626364
1.45970876582309
-8.32653001695436
0.180004434844259
3.91224315703565
8.75984317179381
-5.01792728046846
-8.84358985154866
-6.71357697868949
2.54607006223088
2.23577062386929
2.27138965519179
-6.91664714386169
-8.34229642791136
8.99488718836650
2.84097362069185
3.36152767701164
-3.80849537631292
6.96428183550281
-7.61599285199537
-5.99658925990991
9.98858424452421
0.217479377108925
9.16003120825885
-6.29146907557169
0.734493698956755
2.08503986199175
-5.12608238785456
-1.90203395863174
-3.46681686308235
-4.27384901132761
2.39538417820422
-9.24263641135176
8.74720906228395
-3.19724048563475
-0.301017042483064
6.22462020950402
-5.50605774375744
-6.88979693122472
8.97378474074739
9.31935383149101
-9.05215597966021
6.44744054684539
6.70747465110044
5.89731873947470
-4.25363180533895
-7.05828768984425
-7.19212481490253
-5.92502516813269
8.66723500170539
7.33181477535782
-1.27522636652392
3.34036215881260
3.39908065426057
0.685866028667756
4.29414141224213
-6.26601609324422
7.48924007037257
-7.65865285471480
8.09818638324144
1.21271444193375
-5.37621370011456
-4.79772037354510
-8.89811528588044
2.37284801649061
6.49699282494235
7.06875548231502
-6.27348763689214
-4.00037685040448
4.36178570325740
8.75887584409435
5.75681576215213
-4.33687813489806
-1.58227263351827
-0.753426270102613
3.15374412529946
6.36180723925798
-7.74146270537774
-1.97047347489647
-2.43655164508384
0.0425817621614945
-6.61601004917889
2.80384751669728
5.49812792462812
-1.09238428990019
4.67493960874778
6.11313663468281
3.80056196891500
-7.52388470710638
-9.54420562143217
7.06049631333899
3.23014991362098
3.76182115483783
6.64300402236738
2.08442331939772
-5.81382504402052
-1.37853346237455
5.76386885541259