6.33787076528679
-5.88336302708238
-9.61250178329167
4.76602006622559
-3.42147062038029
-2.84014270545496
-6.25216765384524
1.48576035408962
-4.38267769547343
-6.82884434829978
-7.61198220325972
4.41299292694228
6.09525638974077
-6.89911219843981
6.60858126330139
9.27838599581238
-7.83440944906054
-6.91128649290057
2.70137021644993
0.846572457724438
-8.55560856337440
-5.40783973594403
5.94038666592481
-2.32924137313916
-8.43959851568365
0.320207843553371
5.57881625914780
-6.34641943336281
5.92897039644684
-8.98199062904457
-0.572871973442362
-8.47466445297811
-4.84849011991422
5.60106987921868
-5.45240783126931
3.26250282258098
2.02736946603543
7.05192319297183
5.93577740757018
4.88005286608458
-0.467845327643205
4.36951334993798
2.78949131967521
8.94884996447557
-5.53235328902768
-2.16374610616886
-5.14737864867841
-4.84945086214962
-3.66300556370192
1.33476919673685
-1.95120615908956
1.65526136022432
9.64577478151963
-9.58298715047758
8.57388152820197
2.90832692577366
0.315004490993342
-0.213819695837506
9.31011960237449
-9.85705321583856
-8.02211084654599
9.06890090839437
-5.61785840720789
1.53044423285515
1.37103836877171
-5.57336212293345
-9.77393025836573
-4.33528556799658
-2.59571969657070
-8.00070508998470
-0.833867013345558
1.72672072070561
1.48820550137460
5.86212734974030
5.62169120124861
8.73090876928069
-7.15083583618954
-3.57434886195093
-2.31156312049806
-4.17661536015438
4.35497736902191
6.39253505697572
1.63588993304132
-3.79939207897295
-9.41109583437036
4.02446548957606
3.01128871531682
2.25742669167668
8.28284622495172
-1.95789933886338
-4.25221976702957
-0.548896382224395
-8.17856404015082
-1.78007269164525
2.95908734842952
8.09168982679390
0.297785308184217
-7.52120884900349
-7.47032645080268
-6.70648292989484
4.92119724587166
6.61044510957970
-2.19043440104273
-6.36627409407462
-0.948453318527362
-0.765634477412992
9.02625526276564
3.03850184849699
-4.90888837247900
1.31411221621274
0.206202508199677
-4.40431122612621
8.57418121616167
1.45970876583332
-8.32653001699297
0.180004434813683
3.91224315710724
8.75984317177821
-5.01792728037623
-8.84358985157953
-6.71357697874772
2.54607006223107
2.23577062397215
2.27138965522384
-6.91664714382947
-8.34229642790967
8.99488718838720
2.84097362068398
3.36152767703291
-3.80849537629397
6.96428183551502
-7.61599285197886
-5.99658925993162
9.98858424447746
0.217479377125868
9.16003120829364
-6.29146907561860
0.734493698951449
2.08503986200954
-5.12608238781288
-1.90203395860088
-3.46681686311256
-4.27384901131951
2.39538417819751
-9.24263641139073
8.74720906230463
-3.19724048553450
-0.301017042482783
6.22462020956697
-5.50605774381678
-6.88979693123525
8.97378474073279
9.31935383152253
-9.05215597965083
6.44744054685045
6.70747465114216
5.89731873947302
-4.25363180539142
-7.05828768982642
-7.19212481492862
-5.92502516809283
8.66723500167416
7.33181477543709
-1.27522636662458
3.34036215872283
3.39908065421445
0.685866028680385
4.29414141224578
-6.26601609328460
7.48924007043115
-7.65865285470860
8.09818638321741
1.21271444188952
-5.37621370015843
-4.79772037354511
-8.89811528593506
2.37284801643930
6.49699282490411
7.06875548234595
-6.27348763684027
-4.00037685041074
4.36178570318459
8.75887584414028
5.75681576220153
-4.33687813491941
-1.58227263352123
-0.753426270059469
3.15374412527831
6.36180723923474
-7.74146270545036
-1.97047347493999
-2.43655164510420
0.0425817622107081
-6.61601004914801
2.80384751672061
5.49812792462693
-1.09238429000723
4.67493960872551
6.11313663470382
3.80056196890751
-7.52388470717914
-9.54420562142710
7.06049631338662
3.23014991359621
3.76182115486888
6.64300402239190
2.08442331938004
-5.81382504400350
-1.37853346230198
5.76386885548358