-4.522377989607458
-0.23655446894484825
-8.183068542072524
-8.218172698133968
5.30448773799307
6.1298615703297
-1.289586433584036
5.189715665367639
-9.310627596995758
4.802094949027764
7.818286339192228
5.471530641381262
3.8716881937131613
-9.922318162075657
5.293104132459483
-9.22295147258927
8.180817728469892
-3.0212445264643093
10.061024122745147
-2.7664196030747603
1.4678893539611129
9.393980241053052
-3.1550377953104127
9.225950543363025
7.461114760966346
2.1861468321348907
-1.2675820577032701
-4.150782650545682
-6.4504013216160585
4.155897874006179
9.355919778078386
8.687656997918268
0.08512368881645797
3.3722215530269097
1.1758269602617786
0.4581822577185373
-8.947500746139038
-7.943483770871037
-9.866398053412722
-5.505527009097147
7.3211067515342325
-4.491581966762636
9.790689852779346
2.989814736571368
9.512863087043131
0.16163821746573062
-8.991998655567068
9.906571168950421
-0.7638240206915471
-0.6737136542442428
9.04153684878665
9.91123330721978
-5.492445641749813
4.145934268492982
-7.241828022591547
7.069907493219788
-2.764239969089266
7.373659934292116
5.691587736560515
9.527388233557389
-7.793231587201557
0.4116580819310853
-1.3369479922982423
-6.579167757458092
9.384036406206627
-5.978931263632505
2.248952196786643
-4.110796177266679
-8.775587143113476
9.265323686920214
-3.575915219308793
-7.860092280144256
-2.7681930055916375
-6.022191891962827
9.489254785291838
-6.035808180957175
2.1855601732666763
2.615015144707365
-0.34666962085740166
-4.009808339957713
2.794492849079779
-0.6327630402233974
6.558592419521305
-1.2229911427569258
1.229662292523587
-7.782421385595343
-1.6234751480869238
-0.22951779644464607
9.554381782748212
4.321878919893894
4.899883765273668
4.386316977365825
-1.0837349466148432
-1.1589490364232444
-0.5704836731286915
-3.4703876000993543
-5.880832258120436
-5.916740663142117
4.3022818349672
-6.242639021264185
2.5191611209719063
5.254565706249287
-8.97826991084166
-4.755457001442239
3.5014111448993326
-4.8896329967761
-7.441951673596039
-9.799577525649282
8.94280316077767
-5.7247152218445745
-7.3923145678583095
9.194418671999669
-3.3929210620848624
-4.8606268132340125
8.422089117612924
-6.593082521804633
2.5215640341986405
-3.8684410347997518
1.639502343783735
9.50822089144858
9.496163163930827
6.764603734285029
-8.84446293915769
-6.657598501637451
-1.1401155442983015
4.745032169097552
-7.627234784391019
7.331844193736069
4.549872256874696
-0.9354980444735582
0.6814477547669129
2.6433029901056755
-9.316413265819298
-5.026743769622079
-6.207875671106594
-7.255973367938839
2.480550025449933
5.201941017842597
-0.3681962322515004
4.788590209784435
-5.547580747247979
-2.0528514177433648
-3.2192029669111637
7.728049781689844
-2.8684467145100925
-2.0231382632455053
-7.960426565932215
-7.696115473387386
-6.008135817178571
-4.980820186602735
4.031589888933695
4.049732804950063
7.853865172791382
-0.4716496380801917
1.3926386523380214
2.7534818413022815
-6.78294904236445
-0.32844456402055566
6.481346359517291
8.020923520515888
1.215370495555583
4.847426514180419
0.10081601733108493
-6.3178172510497514
2.164036197113651
4.736134770445116
8.31202262657303
0.20101610803842537
-4.059241113281693
4.788972562746712
-6.239642577058449
2.0789048987266363
4.0916441755448405
-2.5127727267660847
-6.7338593100216695
6.513797161607902
7.5450558283295335
-1.7273969688034934
-9.109456773782219
1.7093583206444138
3.850729826730139
9.687889937790116
-3.76750140600613
3.9007074343338037
-0.7880837699731663
-5.479629875503835
-2.0287759296952403
2.4931894387150653
-1.8826754131917995
-5.322451660671178
-9.710233615889132
-1.297253648102121
7.709117578127777
-1.5469756799069916
8.225649306214601
-9.511376750677101
-8.937692272890617
-2.218766935836674
-6.797903839833859
9.4392608927807
1.4543149219402454
-0.1502634101683358
-1.079670850046685
-5.2632150956553145
-5.515318872078685
-7.837183013298443
1.5463632351835033
2.133365354178253
0.6580957237896653
-0.6129571246635298
