-4.519046122186499
-0.23634464987063716
-8.179565399189373
-8.214106349231582
5.302880285635597
6.129081058982779
-1.2890368657534808
5.187696526719359
-9.30787437626803
4.800943984443264
7.815796469571262
5.469260386781881
3.8699119933020527
-9.918397077998856
5.291482796823769
-9.221379503520028
8.1782368376597
-3.0203924071063772
10.05553629497296
-2.766430728298683
1.467139089207268
9.391182001585213
-3.153907534235415
9.224515555537453
7.456914103868759
2.1880897615332757
-1.2676565948307885
-4.150698012005304
-6.446474244889401
4.1556517826758
9.354148499190504
8.685470089063434
0.08576207221269942
3.3706857753526394
1.1762949720449147
0.45926298656467646
-8.945828055539582
-7.9385620610694145
-9.863662454560462
-5.505832424367598
7.318994395254785
-4.490825687588074
9.78488566817053
2.9879701169341693
9.50854476519324
0.16225647673734625
-8.988346504709893
9.903361161701177
-0.7639197029444682
-0.6765091722568445
9.03741895743078
9.90891780518743
-5.490099819077096
4.144756740497732
-7.238531017518096
7.0672830019322195
-2.763810755477413
7.371200701356879
5.689585517513217
9.522941789683617
-7.791441561223267
0.4109078584125325
-1.3342420525488146
-6.576674488141091
9.380702124086424
-5.976861321405846
2.248645155604024
-4.109551314948707
-8.770974031691068
9.261275162873252
-3.5747720644213485
-7.859016619989923
-2.768158587732282
-6.020181924796842
9.485884277671701
-6.035380223481324
2.185939591816848
2.6150948961855645
-0.34702772650610214
-4.009035948582892
2.7942934305644433
-0.6335449620219551
6.558318658764341
-1.2225476550158143
1.2289796212030197
-7.779307695210968
-1.6237528120765943
-0.2303113333616486
9.551418921910884
4.320966149151725
4.8988290772832235
4.385916943116419
-1.0851941488257972
-1.1597091221499272
-0.5695663880209261
-3.4686742538564967
-5.878927929609138
-5.915730254779383
4.29987568436756
-6.240795275778695
2.5190438239933064
5.254833222526855
-8.976191904429893
-4.754122041155762
3.5023681574541796
-4.886809424856298
-7.438394142863438
-9.797908850310936
8.939865367061575
-5.723884511711
-7.387455685007592
9.19112542527796
-3.390800996305103
-4.856988025971042
8.417303469606745
-6.590659743057744
2.5214423960955035
-3.8668441383606416
1.6403771580738926
9.503688304769199
9.492275230385314
6.763117249824801
-8.84038921953761
-6.654423502400532
-1.1417686743514956
4.744270557337353
-7.623050413648115
7.329805218569665
4.549851230003125
-0.9380357334677791
0.680826315398623
2.642867812730669
-9.312902291678842
-5.025960949976648
-6.206291109163769
-7.25435178250886
2.4802555973313067
5.198835831706692
-0.3690862855588033
4.784379926351325
-5.545687597932247
-2.051399410994022
-3.2185198499422305
7.726084341986827
-2.867748270167671
-2.024149797754912
-7.956429117558098
-7.695332693439531
-6.007065920127066
-4.979785900252427
4.03001117007747
4.049763808888286
7.85141420042935
-0.46976579639615035
1.3913528330505236
2.7542313883212395
-6.78187705458547
-0.3255326252369672
6.479274715275888
8.018424943250267
1.2151219007288807
4.845741572993677
0.10173316895428972
-6.313627627382823
2.1634312398935927
4.735840217371977
8.310481771553228
0.20182743269013706
-4.0599003829368545
4.786861843750889
-6.236978640321618
2.077815435316097
4.090193108010867
-2.5122582426551414
-6.733101369020949
6.512443187144301
7.542880914789566
-1.7266680349912247
-9.105668484556984
1.709737742900219
3.84986518909013
9.684359177351443
-3.766276430704151
3.900120602482368
-0.7888765325003282
-5.478269431008814
-2.0290361155407792
2.491103635094619
-1.882714138442655
-5.322096399527125
-9.7059387703099
-1.2994363978422805
7.7058867091314145
-1.5469538840240045
8.22380692432706
-9.50961178433007
-8.93379469856123
-2.2188265917319163
-6.7966958918602325
9.436401622534033
1.4519909644151805
-0.15011278320340665
-1.0805002346675652
-5.261900059686708
-5.512913469413934
-7.833538268016366
1.545510765037511
2.13198382590443
0.6584182162769304
-0.6128426273445667
